100
0 1025 7683 1541 5643 1550 3599 1046 1051 6661 9762 547 3122 9781 56 3651 8269 9297 6738 6227 7765 8791 5211 2654 2665 106 8303 1138 4723 6273 3435 8324 1670 7313 1176 6816 675 9381 8361 5294 178 7864 9410 2246 712 1738 3791 3798 8924 4832 745 4334 7409 8947 2812 2944 6402 1802 5387 5402 9505 6955 8495 8499 824 5949 4928 837 8542 5475 6501 5990 4970 5483 8560 3958 1918 7040 2949 5514 8075 2453 6047 3514 2463 8636 7103 1985 4037 1993 5072 7134 1503 2025 3058 8188
1 522 1035 6162 8727 9752 8730 5148 2078 6179 43 5168 7733 8760 2622 1600 4673 6214 9289 1099 4280 4690 6235 4189 6241 1126 1638 3180 9837 626 6260 8833 8331 6801 5780 5781 6852 6299 4257 7352 699 2244 7368 9929 8394 1227 7886 9423 1759 9449 8433 7925 8438 9976 2297 5883 6397 8450 6404 7431 271 281 5943 6451 310 8073 3896 9017 1850 2370 1351 4938 2871 332 6477 5456 1080 5971 6484 6491 1891 1380 8038 3946 1903 9073 2110 8067 3463 9097 5528 9115 7588 3399 2996 7192 6075 2499 3526 5086 6632 2813 1534 6135 9210 4606
2 2562 2563 9733 8711 8714 4625 8210 4118 3095 1569 3627 9264 561 9780 6836 6208 5703 6216 1804 3150 6736 4177 1106 85 4695 88 6745 5725 6242 7781 18 2673 2679 4731 8828 6282 653 671 8352 163 5831 6317 2740 5301 4281 6847 8390 1735 6092 5327 4816 9425 8911 5344 8417 7910 9450 1261 9455 8432 8434 3321 9981 4352 6915 774 3335 6103 5388 781 7953 5909 2841 6433 1316 9000 9520 307 3897 5447 4943 2446 9562 6493 350 1892 4454 4967 7035 3465 9611 8076 5006 9617 1427 8609 7592 2989 8351 3006 3520 9668 9676 5070 2515 9687 5597 998 9191 9196 5618 1528 7679
3 9899 4612 1542 5647 1624 5665 7202 42 7723 8752 9269 6715 1088 9795 5195 8780 3151 7760 3667 6744 2656 6245 3691 1135 6266 2686 1663 7305 3211 8844 6288 5783 4760 6810 7837 5280 5281 2722 9896 8875 4787 8385 8905 5854 2785 8931 4837 233 748 1268 4855 5374 262 6923 5398 6425 7967 288 4390 7983 312 4922 2363 9021 9544 1867 9041 2389 8539 2406 1899 7532 9075 2424 9600 5696 4995 8580 7320 404 406 3995 9129 433 7620 2210 8146 4565 4054 985 2022 8958 3065 8191
4 1537 7174 3080 4105 6677 4631 7704 3612 6176 2566 1063 5161 5689 4670 6724 1100 6742 185 7273 4385 3182 2160 7299 3730 7827 5742 155 6812 3758 4786 5305 3258 6843 9920 2849 9419 6349 8912 721 215 5848 2779 736 6373 977 5870 5359 3325 8959 9986 6409 4366 5905 289 5925 3366 7463 2865 2355 9182 5947 8509 5962 5459 6486 1593 9050 8027 7006 8037 6506 5995 728 5266 9583 9078 4477 5525 897 3978 1931 3470 399 9966 8600 1437 5538 1455 7104 9154 2511 2513 5589 7790 8670 1505 7140 4581 8170 8175 7664 3573 9211
5 1024 6664 6666 2060 6682 28 6690 553 4147 3129 7739 9793 580 73 3152 869 2146 2147 6761 4714 8302 9334 7288 1658 123 5247 1472 8849 4242 9364 4250 9371 158 8048 3761 9909 8376 192 1730 708 2757 7367 718 4310 1487 4842 1262 1775 247 4344 4345 6394 8063 4867 4879 1297 4398 5937 1847 835 4934 9038 1364 2392 1371 1379 5989 4461 7536 7538 886 5501 6015 3969 7557 9607 6024 8588 8083 3479 408 4517 6568 428 1456 6814 6080 456 4556 6093 6095 6610 2519 3549 5600 2534 7657 4075 496 9718 2554 2047
6 7168 2561 7686 1033 2570 4108 4962 1566 5151 4128 3108 3623 4648 9776 566 6711 4153 3642 4165 8266 5196 2125 3662 8279 9309 3167 6752 2659 618 2669 4212 6773 6265 4224 7302 7303 5770 6799 1683 4463 8860 5793 3234 1700 7846 7623 4785 3763 8734 695 2745 1725 1216 7361 4804 203 4814 1743 9428 4311 4132 3293 2122 6905 8456 2225 7946 4887 9504 2343 1321 6962 5436 9533 836 1352 9036 4945 4953 4450 9571 9071 6116 6530 5520 6037 5529 2984 4536 9145 5562 1098 4546 4039 7113 5081 3041 5604 1514 6125 1011 3060 9721
7 3082 2573 5657 1581 4655 2619 9226 8257 3657 77 5200 3171 5205 5723 8291 3172 3700 8317 1151 640 7832 154 4256 3745 3747 5796 8134 5801 5299 1207 9912 5838 9435 8414 741 3814 4841 9964 7917 3823 9453 6389 6391 6908 1794 2821 1286 776 7127 6413 9492 1583 3362 7899 2342 6442 826 4416 8010 9557 7001 1375 6497 9580 7535 2536 3448 377 1408 898 2285 8081 2963 6551 6554 5530 9130 3501 2478 9138 7093 454 460 1491 980 8662 4567 1497 2525 1000 5103 5617 2041 2043 3070
8 324 1557 9248 9250 3109 5160 2093 1072 2609 2116 6215 6583 3148 9656 8786 600 8793 8282 5213 608 7267 7269 4711 2154 5235 9846 9665 9357 3751 4264 688 9393 9917 9930 8402 1748 8410 9442 6372 6887 234 2291 4853 7929 1280 8461 6930 8982 3973 7458 804 4393 7988 5944 4926 1858 5955 8004 1350 7069 3401 7565 5348 2396 7141 1382 1898 7533 6514 4979 1399 9083 9598 7551 3461 7560 5515 9101 3477 8089 2460 2461 6049 421 1963 7599 4534 7607 440 7101 6901 6081 7107 6597 3019 8656 6612 6101 9184 995 3045 4077 7665 4085 4599
9 4098 3083 4610 3598 9232 1042 9246 7721 2602 3847 3128 565 6712 59 6209 5187 3140 3146 2123 8782 2641 2131 6158 9317 7272 617 1469 7281 4733 7915 8845 6290 2198 8683 9380 8894 7879 1314 4823 996 3808 3297 4835 4331 2294 9463 6907 5895 6924 2532 789 1304 6020 8477 6946 5416 9514 6960 3890 3386 8017 3922 4438 8537 4961 6505 879 9087 6531 9604 4487 6541 910 4497 2627 9108 5017 9627 9629 2467 5545 2477 2992 6069 9657 9661 4035 7332 6623 2528 4580 6117 2537 9195 8178 4521
10 6150 3595 7695 533 7198 3105 3114 9771 3638 4362 5695 2637 6224 3674 3689 7787 628 3200 133 6278 4252 4255 6893 6309 2216 6314 4784 7345 2741 4287 8384 1221 2255 8400 4818 3809 3794 4854 2807 4351 5379 1285 4358 3850 7435 2316 8975 2325 7959 2038 1307 2335 2848 293 2351 5512 2866 3381 5435 4662 8520 3915 4428 3924 1367 344 2399 5484 8595 1911 9080 4987 1927 8584 1423 1939 3991 7576 921 1445 8615 1453 2376 7090 5043 8118 4023 8638 6083 5061 3531 3533 3022 9293 8144 3543 3036 8673 485 5096 1014
11 4 4104 1545 6679 7712 8231 5673 8242 6202 4155 6720 7233 70 1095 593 4179 1112 8033 9314 9830 3693 9838 4209 5750 9853 9857 3203 3206 5767 6294 1689 8353 9893 7855 1204 5306 4810 1740 9938 6868 3286 1405 2264 2279 236 6895 241 4341 9462 9769 5880 3843 2823 2828 2831 3856 1303 2872 319 5441 9027 6984 9033 3914 9548 1872 850 9563 353 357 1895 3440 369 4981 7145 9595 4586 3968 4499 2965 1951 9636 2630 4006 9140 7094 6072 5563 8437 5570 9671 6090 7638 4055 6052 7647 992 9703 5097 7146 7158 5116
12 9216 6660 9222 8712 9225 6154 7715 7204 6190 5682 8755 586 3155 1632 6250 6764 5230 2163 2409 4732 2176 5249 7810 6280 108 6797 7114 4241 1475 5791 8358 5292 8365 8366 687 6771 696 3261 8897 1731 709 9252 7902 6371 4840 5356 8948 9973 6904 5481 7429 2177 8459 2329 5406 6446 9519 6452 3382 5954 3396 4421 1876 5974 5463 2909 8041 5997 8561 8564 3450 6525 4486 9843 8078 2449 3992 5537 7595 7596 9655 2491 8778 6590 451 9156 8648 8650 6091 9679 4560 3550 7649 9700 3563 6638 5106 5619 504
13 4609 1554 7699 2584 2074 5295 8732 1589 2422 4649 1582 6703 1077 6203 9788 6410 7747 8263 9291 1109 2145 4194 1123 8289 2153 2157 5992 6163 5257 7840 2214 3753 7339 4271 2742 9403 3267 8901 3788 2767 7376 9427 1061 1252 8429 1065 2810 1789 6910 5896 266 5902 9488 2842 4896 3364 294 6448 7477 4409 1343 2893 9552 864 2407 6504 2921 3954 7540 2934 7032 6010 3970 6532 8941 9104 6548 1943 4507 8103 6582 8639 9669 5062 1994 8652 2510 2004 7642 987 5084 8159 9696 6627 2726 4081 9215
14 4518 6153 3605 8726 3116 8749 6709 1078 7226 4667 7740 576 8769 3202 8772 2634 4176 9815 9305 1635 9320 7274 9326 111 8823 9851 1130 1666 2698 1163 9868 2195 9877 8856 7322 9913 801 8889 7287 4306 7383 4824 4826 8425 6951 8940 5874 6388 6401 8966 4871 4872 3341 2332 5921 6434 2855 8490 7467 9009 2867 7995 318 2880 6986 5451 5452 8166 8563 372 1914 8061 4479 402 6565 2982 8177 1960 2475 5041 8627 1974 244 444 9153 3010 4061 8158 2015 6624 5092 9638 9190 1007 497 1017 7164
15 3074 1028 5639 8204 7185 5138 1048 9244 9245 34 549 563 6201 2114 4675 4676 9797 7238 7930 3665 5212 6238 9824 9313 9829 5223 622 2676 9333 7804 145 7317 1178 3744 8987 1701 8870 8363 5296 8887 9402 9916 6335 4290 711 8906 3283 7896 4831 1767 6379 2298 5418 9985 4870 2836 8475 6021 6945 3548 2858 306 51 8511 7489 4423 2892 3927 1882 9051 3426 9059 9068 3451 380 4482 5509 1929 8087 1090 8080 6033 1431 7065 410 414 1953 3495 5051 3004 3017 465 1492 5596 8157 4079 6128 6129 9717 7673 6140 1021
16 9388 8203 1044 1565 2600 41 1887 4162 2628 4677 2632 6732 4685 6735 1118 7525 8801 3173 3181 6255 5755 2191 658 5827 8857 8861 7326 8863 8357 8871 2729 2220 4269 1711 3251 3766 969 2754 6339 6343 9420 9421 4304 1235 6872 9945 8411 9957 9446 8426 8939 9974 3323 2300 2814 778 4369 5399 5920 8489 3883 301 3376 1842 5427 6457 7485 1857 2378 346 347 4447 2401 5988 6118 490 4992 2433 3971 4488 6809 2456 4000 5027 2980 7079 936 6813 8625 7838 1976 330 5536 8136 2505 7159 5073 931 6613 4573 4574 7756 7142 1002 2471 9710 8183 6652
17 7684 518 7689 5207 2579 6165 7706 7707 8798 2077 3104 7714 2610 1075 4661 8252 7744 3655 1097 4180 9814 2647 3672 606 9312 4196 6256 4724 1146 2682 1150 3726 1171 2197 9881 5789 7916 6844 6333 199 7880 6857 6858 9934 2259 2262 1757 4324 5868 238 2288 1275 7426 6408 7945 8493 272 8487 6445 6959 8496 4413 7488 8528 1363 2397 3940 7034 2431 1411 7046 3977 8590 6297 4505 4516 1958 9134 4016 7603 949 4681 5568 7618 4041 1999 9173 8152 4057 2526 9695 3552 7659 4080 5627
18 2 8729 6175 4641 6187 5188 1096 9294 4174 9296 7769 8988 6891 8812 7795 1142 2688 6796 8334 3215 5401 8862 673 1186 7843 3441 4777 2730 7343 7861 4278 6328 6845 4799 4806 4808 5837 2782 4325 6886 4843 8942 1263 5362 9459 5876 1786 4736 2818 6416 786 9491 6424 5913 6939 3356 3869 8478 3871 7972 296 7465 3388 5957 847 5775 8036 7022 4977 3443 5505 235 8069 7561 9619 5012 6557 6586 5565 1473 8130 9166 6607 5584 8145 9683 9685 3556 4584 3561 1004 3054 1522 4086
19 5634 3075 7685 7687 8722 2582 3609 4122 2083 1067 556 6105 5183 4691 597 7784 3690 4626 3695 5749 6785 8333 9365 4768 4769 4772 3749 5035 5810 6323 9397 182 6327 3775 7203 7894 5849 1755 4316 1245 734 6369 7395 7403 4848 3828 5366 9468 8961 8965 6412 5903 3348 3351 4889 7962 795 7968 3372 7981 6958 1333 7479 9537 9545 6992 8022 8552 885 9079 3647 6526 8064 2950 396 8090 5024 4005 4009 4523 4020 3002 5057 972 7120 6609 3541 4566 676 4578 9189 7143 5100 7669 7671 6741
20 3586 8707 8709 6670 5143 6170 8223 2080 8226 1062 4136 8745 9260 4654 5684 9787 7776 9287 7752 7779 6228 4693 3168 3683 7278 4207 127 1153 1668 147 2205 7841 674 1187 1189 9383 686 4788 3253 9914 7357 1909 6337 4298 7887 2256 1747 2260 214 1758 6882 3812 3818 1265 3833 1791 2817 770 5846 6919 6920 6921 2318 2330 1819 7459 5414 2347 5000 7476 2358 3901 8510 4929 8009 9699 3938 3949 9077 4986 4988 903 904 9102 6545 9623 9113 2970 5026 939 2993 7610 957 3009 5658 9169 2514 4563 1494 9977 6104 7130 5090 4579 999 5099 4863
21 9218 4100 9734 4013 2648 3100 4640 6747 9766 1579 5167 4656 2097 9274 571 5181 4161 4172 5710 9812 4184 4699 6244 3686 8806 3688 6767 7283 7286 1143 4728 4730 126 2240 8835 2182 6279 2184 9355 6285 5779 2199 1177 4890 1706 4790 3264 8391 7369 9932 5752 8915 7892 9948 7901 223 8929 4834 6885 6376 5361 9467 1788 8960 5675 3859 7957 9498 4891 2349 5429 2877 2368 7494 8523 9549 8536 7515 9564 9064 364 573 880 7037 5508 389 2441 3474 9624 3996 418 5037 5042 9147 1983 964 6088 6640 4083 3575 8874
22 1536 6657 8 4268 9738 5132 3087 7697 529 512 7201 4860 8746 44 562 4150 3649 6728 9292 9826 1617 3669 5721 8290 1553 9323 2172 7808 7809 650 6289 9890 2211 6342 1190 6311 5800 684 1709 5809 4895 4286 2243 3270 8903 7373 7888 7377 212 8917 6361 4322 1764 2795 2802 3316 5884 8957 7423 4140 4881 8468 8704 283 5404 8989 3359 800 3873 4898 6440 2864 4913 4412 8003 4422 5454 2387 6495 7011 7534 4469 2436 3137 6636 1428 8599 5019 412 9632 4519 9644 962 5063 9160 5583 5077 1501 6113 7722 5609 6567 8172 6646 8189 511
23 5127 9227 2574 7184 3601 7189 4120 6169 1564 6692 3112 3123 7228 2629 6731 6737 5715 8276 2646 7262 9311 4710 8721 6258 115 1141 5242 3519 7310 3218 3731 1174 666 8859 1694 164 7848 8878 9395 5317 4809 3276 8399 1237 8406 6180 7119 5340 9452 2797 753 1781 2295 4350 5890 5382 9486 5337 3355 4893 5411 1328 7993 316 2365 1865 2379 3417 7516 7005 352 9062 359 873 8052 2935 7546 5503 6124 9117 9123 5028 1957 9643 6575 6576 5055 5058 7631 468 9686 4569 6106 6111 7144 7660 3570 1012 4597 3062
24 2048 3085 6159 8723 5652 26 2906 1057 9765 3624 7215 8250 9275 9789 9792 65 1092 79 7761 7259 8284 2832 8307 2678 3192 5753 3195 4227 3716 9863 4754 4755 2708 7831 4761 2204 3242 9387 181 8375 6840 5828 7881 3278 1745 5844 7801 6949 8421 9231 6377 4308 7418 7952 1298 275 7129 3354 1308 6429 7131 8997 2857 6963 7484 9026 7495 1356 7503 857 6490 3935 9570 7016 876 8562 6005 5497 7550 6721 2961 928 9121 9642 2987 8115 6584 8127 7619 4047 3025 8663 7641 8667 5098 1526 8186
25 7691 9751 6685 3619 3113 6704 50 9779 568 9277 2623 8776 2638 1623 8792 601 2140 4708 5735 8308 2181 3718 5255 1673 3217 8900 2720 4773 6315 691 697 7358 5824 6849 4292 5319 4296 1217 204 4820 8405 9438 4319 2272 740 6902 3837 6399 7939 6405 9479 2312 7437 1808 785 1299 4373 4375 8488 5419 1325 7986 5940 821 3385 5948 9952 1348 5445 1864 6479 9045 348 3934 4457 9070 5490 883 3972 1420 9105 914 6042 5020 5021 7590 1461 7613 6086 2524 1504 2019 8169 4587 1518 4592 2035 9716 2040 4604
26 7170 3329 3159 5136 2073 1114 3614 6186 257 47 5176 1084 1603 8773 8274 6231 4186 8285 9310 9823 97 9832 8040 788 7444 3194 1147 9856 5761 642 1157 3210 4243 149 2714 3235 5285 167 7853 5298 7866 5819 4796 5326 726 1246 8415 1761 739 7397 9958 2793 1772 2800 2805 1785 3455 766 6911 6913 7944 6922 7948 7954 5396 8470 1823 2337 1826 9002 9516 8494 4406 6969 9532 9534 4927 3911 7291 7008 5474 872 7036 3817 8572 3989 2539 6536 1941 1942 5532 6562 9124 424 1449 6571 6064 6071 9660 4042 2709 6819 3030 4721 4069 3051 1516 6137 4092 8702
27 2560 8201 526 3093 7728 9270 8260 4166 2633 7242 7247 6234 8803 3685 5224 5738 9325 4719 3184 2683 9340 8320 7297 3720 137 5772 1678 2707 8852 5279 677 7336 5805 3760 6324 2743 1209 2241 9411 9925 3789 6353 8403 2267 7904 3301 9962 2289 5363 6903 3832 3835 7420 769 8451 1796 4357 3339 4368 2323 8981 9500 6436 4903 7979 8072 7987 2869 8502 9865 1846 338 7507 1369 2913 6515 1398 887 9093 3462 2440 5524 2454 9284 2971 7580 3496 3509 951 8125 7622 5066 6605 6094 2512 9681 9176 6617 493 6133 7678 2559
28 2049 7171 5130 8719 7186 2070 5662 2598 945 6184 2604 4663 3640 8202 2631 5708 6740 4697 6236 4704 6928 5220 6757 2066 3697 6770 6775 7300 2693 8838 1166 621 3729 6301 3247 180 2231 190 3273 4811 5325 2776 5413 9972 2306 260 5385 5392 6944 291 9508 5766 4906 9008 305 8503 8506 1347 5444 6981 3406 9040 7511 1370 5981 2420 7030 2938 9088 2953 2541 1937 6555 5534 8113 1460 6046 5558 8121 9151 976 9174 988 2014 480 6628 1511 2540 9197 7165 4084 503 6648 3581
29 8199 2059 12 7698 4116 534 6683 6177 3618 4653 7221 6710 8759 1081 9288 585 7249 3666 5722 4187 2144 4705 9319 1640 4028 1132 7280 5233 7798 191 639 3714 2180 7304 7307 6802 6811 8869 2759 1197 3257 1722 1211 7871 2755 3783 3790 5843 1236 7893 8922 1830 6375 9448 6894 4851 8149 3840 3330 8963 7432 1801 1809 6422 7451 7974 5425 7976 6954 7985 9525 1341 321 2883 7492 331 6989 8014 6996 1881 6492 9060 9577 1170 3956 373 4472 3452 7549 9096 3982 1425 9622 3993 7583 7585 8610 7605 8631 7099 6588 3517 5582 9037 334 5078 4078 5616 499 1019 767 7167
30 1539 9220 5 10 4117 7705 2053 9761 3120 4658 2611 3131 8767 7746 5192 82 9299 1636 4205 2677 3707 8641 649 9878 8354 9499 7334 681 3245 8372 8888 1210 8382 2245 5836 6862 5069 4305 3795 207 6364 737 2275 2276 2789 6900 6906 9470 7428 4361 6925 7963 5916 1322 6444 2359 327 4426 2380 5465 5980 863 9573 5479 1388 7029 1409 2435 7566 2450 6039 4512 9122 6566 6058 8624 4530 9144 8634 2492 416 5574 5576 6602 7629 3023 8661 6818 7074 6822 8168 4074 2028 6639 2546 3068 4607
31 9731 5377 4617 9745 1555 5141 7194 2089 7211 2092 557 7222 4665 3130 7231 5185 578 5193 6220 4181 5718 599 91 3164 5728 5137 2155 5231 116 7803 5756 4734 9859 5765 4232 2189 1682 3221 3224 2213 1191 8873 1195 1208 9406 2764 4812 7374 8919 2270 1249 4839 4330 757 5367 5889 9475 8455 6414 9999 8474 3867 2846 7461 4400 820 4921 4925 6470 5453 1365 8535 8830 3933 4960 354 3939 9065 3436 370 9791 7558 5002 7060 8085 4504 3484 6048 4513 419 6564 7593 8633 7614 2500 8646 5577 7115 4045 5082 6138 1527 9720 5626 5117
32 6146 5637 8198 4618 6667 527 5651 5142 3110 2095 5692 574 575 3851 8265 8788 604 7263 3003 2149 615 8809 1642 619 8304 7289 3709 4738 8836 9750 9352 2704 9873 8850 7315 9373 9328 2723 3237 679 9904 1203 4279 4792 187 188 715 3705 6875 4329 1770 3307 751 3827 3830 1271 8445 255 1792 4356 5893 8577 9995 2324 1814 5252 797 3358 4900 5932 6965 9016 6973 5953 6466 1349 6983 3402 1880 1378 4968 8042 7531 5437 3444 4471 8569 4475 7038 9601 6533 2969 4511 6390 1693 1970 7611 6085 968 458 2518 8151 3560 6647 1532
33 6147 2732 429 6232 9748 8218 5149 8740 38 7207 6705 5173 3133 1091 7750 4175 596 7254 3160 3679 7271 9321 7797 3703 2684 6276 9861 8332 8847 9496 8339 4246 8855 2756 6300 9158 2727 6828 7027 8892 5310 4801 9924 1225 6871 6877 2939 232 9968 1266 7427 4876 3853 2839 5912 2333 3363 4901 4391 9005 2269 1856 4936 329 3930 7014 7018 8045 4976 9363 5496 1915 6017 3980 2958 4163 407 6040 6553 3494 7597 946 8629 4024 8635 9149 958 1986 4550 5797 2548 9581 506 2046
34 5120 5124 940 8720 5654 1561 5671 6188 3631 3635 7732 1079 3641 2113 4171 6734 1104 9298 6755 603 6160 5731 8293 8808 631 1656 9339 9852 648 3209 5260 4756 7193 9884 7329 7842 3755 2733 1717 1719 9400 8377 6846 2752 9409 6340 9418 6860 9943 3288 7905 7401 2599 2412 5375 7941 1289 5926 7472 3378 3891 9528 5433 6461 7490 9029 5959 6199 5970 7510 351 9067 2924 3438 7023 7555 2444 3471 3480 8607 930 4007 9372 7084 9645 3503 1968 1459 415 2495 75 9677 5595 476 5085 3044 1510 7147 3572 501 3582
35 3097 3615 5670 8244 1591 2620 4671 1611 9810 3670 8283 4195 1648 5758 2425 1152 6274 1156 6791 8841 1167 8336 2705 9879 4764 1185 1708 8879 7856 8882 9401 5823 8898 8393 2250 7890 8404 1239 8413 6367 1795 5391 3344 3858 4883 3360 8485 6439 6952 3881 2348 2350 3894 3895 8508 7998 5440 7478 2890 2900 8024 4449 356 8565 8566 7544 3988 4474 5504 5518 911 9620 9626 7072 5030 2472 6062 3390 439 7609 9664 7105 7108 8657 3026 6611 5591 9689 3037 3038 993 8162 8164 3511 4071 8174 1013 8695 508 2045
36 7172 2221 9238 6171 4637 2081 5155 2084 7205 7209 554 2603 7741 3648 67 4164 4680 1610 2635 4173 548 5206 7767 7256 7780 1133 8311 4032 4235 6347 7836 2719 685 183 4800 8899 4299 2773 8920 3289 4829 5342 228 5349 2790 4328 5354 754 8441 1279 7937 213 802 8155 2856 1837 2870 5945 8000 4419 1863 9546 845 340 4949 4836 4959 8546 4453 7019 1396 5495 1401 6018 6025 4508 4935 1965 6574 5862 9141 6589 448 6374 8649 3530 1486 7126 2011 2012 9697 7138 6130 4596 9719 4088 9212
37 1540 517 8449 3611 2593 6185 9772 4145 8757 6200 1598 9279 8774 8779 8268 4686 7250 2651 8286 611 3687 1139 7800 5908 5757 5763 5253 3737 3739 8359 4353 176 3784 6355 727 4333 6382 4337 759 7928 3838 9473 5384 7436 8977 8466 7956 7449 5403 5917 9511 7470 7133 1845 5434 1339 2878 1344 4417 1353 3917 8526 2895 2897 5468 8029 865 7012 2918 5498 4478 2881 1416 6026 9099 400 2451 2457 7577 8604 8606 2464 3516 1480 457 8655 7758 4059 6621 994 3052 4178 2030 7157 3069
38 0 3590 4616 7693 8725 7703 9753 5638 4652 3117 7216 4687 1108 6500 3676 1117 3681 5219 7612 871 6252 9841 4713 6777 9850 9237 8811 4743 4744 1675 3724 143 3222 8217 165 7847 3754 9900 4781 1310 2747 705 5409 6867 3284 2774 226 3815 2282 749 8943 8435 5369 4735 4862 9471 4354 9481 5898 5390 7811 2838 8983 793 4379 798 7969 8486 298 5424 7480 6458 1853 2887 2889 5963 8019 7482 3936 9572 9063 8553 1900 9074 2932 6016 8585 8077 9615 2968 9114 3998 934 9128 943 1980 9155 3012 4552 4053 3557 5610 3061 9530 8190
39 5967 9740 6161 2583 3613 9760 7720 2090 775 558 8543 8765 8256 3144 7759 1616 7261 94 1634 4202 5050 112 8818 3187 2681 2685 2174 3719 140 3228 3013 2208 1702 5289 175 1200 1223 2769 4307 7382 3298 227 231 6888 3281 8430 211 9658 1921 1295 784 8665 7965 799 8482 6443 5423 8500 2361 7997 9023 4931 9541 8521 7502 335 7509 2873 6488 859 7004 7518 9567 8545 744 892 896 3457 3975 392 6034 5533 1950 1861 2469 1454 6063 9651 6068 6070 442 4030 960 8133 3024 3539 5079 3033 5711 4577 7654 647 7662 9213 7153 4087 4093 5631
40 5123 6167 3608 5664 4651 2094 4144 4660 7734 9785 7743 3139 9801 8785 7774 95 1121 610 4198 4204 1134 5746 9331 118 3433 7816 2701 1685 2202 8348 1698 5283 680 5290 9905 7863 5816 5829 1737 7371 1741 8916 9081 8921 2778 9436 3811 7400 8431 4340 1783 5332 9988 2310 5386 787 3349 8409 9497 1821 6432 1584 4899 812 7486 2371 5960 2956 6994 3415 1896 3945 4980 6521 1917 6293 8581 2951 1419 4492 6544 7057 3395 8602 4001 4002 9641 5034 2888 6580 3005 4034 1990 6096 1489 9171 8953 1500 4070 3057 2547 5623 426 5119
41 6151 4630 4119 24 9243 5660 8736 6697 5681 2618 9056 8771 7239 614 4199 104 6762 2667 9327 6778 5243 5244 3201 8337 9367 6808 8345 3226 7324 3807 8872 6313 7854 9928 5309 2750 1218 200 7882 8396 6863 1751 4825 9947 9439 7908 5358 8951 9980 5885 7936 772 8457 6927 2320 8471 1305 8991 4904 391 3373 9010 823 6971 6460 2884 6988 8013 4439 2912 9588 4983 1400 3964 7552 4994 3459 4484 6535 5539 4010 1452 1966 5553 4019 5790 1462 6593 8132 4551 1996 4046 4562 2010 4572 2527 8160 482 4348 5102 1015 3578 1531 8106
42 8196 14 173 5139 5674 8753 1587 2917 1087 8768 5702 1292 5707 7244 78 8272 2136 5215 8800 273 7298 5254 2702 8338 148 9370 5275 453 4771 7845 3750 6825 9901 6318 2227 2233 6856 2251 7897 5346 230 5352 9961 746 1779 6441 7417 3836 6538 5383 9996 2321 6421 2265 282 6430 1825 6438 7977 2356 8507 829 831 8007 5972 854 742 875 877 1257 8057 2948 7562 7571 2452 2470 5031 6065 3008 5059 5572 3525 3015 6089 4558 7634 3029 6102 6112 7137 6054 7663 6642 1525 6653 1022
43 5640 8717 5649 6675 5653 1053 9759 5152 6183 9256 4139 9777 7731 2612 4149 7229 1613 590 8789 4694 8804 6746 3165 7266 2148 8300 5743 2161 8821 6774 8831 5825 9324 6803 5799 9385 6829 1710 6835 8374 544 7877 5833 205 4303 4821 7384 5851 3292 3806 6880 4321 5859 2278 8743 9965 5872 7923 5365 9975 9990 1805 284 7453 7457 6947 4698 5415 1320 3887 2353 3379 9529 9547 4940 5091 7512 4442 9565 3423 9057 8039 8558 7545 1923 8593 8082 3483 5544 1450 1972 1464 443 3007 1989 4043 8142 981 8668 483 6119 9708 4591 2036 5111
44 7176 521 1546 8206 5891 2580 1050 4125 3333 8224 6689 8229 8748 3124 5174 57 4156 9058 5199 81 2137 9308 110 4210 633 6780 4223 9860 3723 9362 2670 1688 672 3186 8370 3256 2751 9412 5834 7372 8653 3799 730 735 8932 6383 4849 756 8952 6396 8448 6403 8453 8980 6788 3884 1332 8501 4919 6462 320 6979 9543 2901 7514 5986 4455 6510 1854 2941 382 387 1413 7053 8591 7058 7073 3491 8612 2375 2476 7086 9135 9675 461 5071 2003 2016 2531 8684 1010
45 9729 2564 4615 11 6674 8731 7708 541 31 5666 7725 8238 8754 9782 8762 6204 4674 7246 9300 6229 7766 4696 89 8287 8288 3682 5739 2671 4722 6267 1669 134 5258 9356 7822 280 6599 6831 8378 287 2236 9919 3777 5323 8392 5835 3793 7891 3800 2784 4323 5860 6865 7405 6386 2299 253 7424 2820 7442 792 4997 7471 9521 4405 6972 4420 8531 5461 2902 8550 743 8559 3961 1920 4485 5516 913 5023 8100 6053 9131 5552 8691 4033 3524 2503 7625 9167 4564 479 9605 1523 9724 6654 9727
46 3588 7173 1544 17 2067 6166 6684 9757 3620 4188 8200 7091 7735 7736 3643 3132 62 1609 3149 1615 9820 7773 3166 9825 3179 7292 2173 9343 5251 1692 157 9382 4273 7347 9404 7870 1220 9926 4295 5839 1232 5329 1750 5853 3536 1254 3305 6393 8319 5886 5887 2824 2826 8971 7446 5107 5422 7474 7994 3900 7999 1860 8006 2273 2896 6998 3898 2931 5499 5502 6019 6023 4495 8086 7068 1441 932 2474 1964 9646 5040 9137 435 8119 2494 4544 2501 459 464 3028 5881 8672 3047 2027 9200 7155 5110 5625 6650 9725
47 683 5642 1038 2577 2578 7700 25 8733 1572 4133 6694 2088 9265 5690 4159 6926 3163 92 8294 2663 3694 9839 7793 5239 4220 2690 1672 3728 5270 5798 1393 3243 8221 6837 6850 6345 714 2788 3304 6899 2804 5879 760 2809 7932 2302 2815 7438 1296 1813 8476 3357 5936 2338 1840 4401 9536 8049 6471 7497 5965 8016 8532 2391 9048 2448 6000 3953 1397 5494 2936 8570 1515 1925 5004 6032 7063 6556 2973 3493 7600 1978 5621 1988 7824 1502 2017 6651 3558 6635 5613 1278 3059 9204 8693 9209 4603
48 3086 9234 8211 3094 4868 5807 1576 3250 8258 5701 7009 5194 7755 5709 9819 8796 7775 5222 4203 7789 1649 629 8310 6264 6779 637 1665 5762 3606 8326 8328 2187 3733 9366 4249 160 2212 4783 7858 6330 700 703 6854 6346 375 208 2770 1238 3535 1829 5350 248 7933 7940 3845 6407 9994 5677 7448 5914 7814 295 3368 5930 1324 814 6967 2362 2960 3944 1387 6508 1394 6519 2432 9610 6031 9616 8594 4500 917 3489 4003 8101 1447 3500 7089 4022 5566 3018 8139 5580 6733 6099 2005 3545 7677 8689 6645 5629
49 7177 5159 3677 4659 3127 5691 1599 3136 1605 7251 5717 1629 8802 3176 3943 623 3185 1140 4213 1661 6271 1671 7819 652 6074 7314 3219 6804 7829 9368 3233 3752 2736 3762 8381 9407 4289 710 2247 2248 4302 6370 6884 8829 5368 1274 9855 3334 8968 777 7951 5910 474 3874 2341 3880 297 6449 9011 6964 7483 8512 5961 8011 5966 1871 3920 3410 2403 4966 8551 4975 6004 6006 1913 2946 3464 5001 6296 3478 2972 5540 9637 4529 2487 4026 9205 9162 9178 9693 2023 2024 1533 1619 8181 4602 4091 8701
50 4096 9728 4622 2065 7190 1560 8737 4130 4137 4142 52 4668 8255 1602 7748 4683 1102 7253 6743 2649 1631 8464 4709 4718 8816 1214 9848 5764 4749 2706 4251 3743 3696 4258 9159 5293 6319 5307 3262 3776 7875 1734 3272 8395 2771 2772 225 5351 7913 7402 3820 3821 2798 8949 8233 7422 9474 2307 7440 46 8473 7970 1827 4915 2721 3397 9554 2914 867 5477 7015 7017 2925 1904 2417 7026 7541 8568 2428 390 1415 3987 2462 1446 5543 8104 2479 9461 1984 5575 971 467 1509 5611 5101
51 8192 8197 1543 3594 1552 5551 1573 4650 2055 5171 6708 3637 6716 1085 1608 5197 8270 8784 7096 6749 5727 7265 6251 625 2170 3199 5760 1155 644 6284 3732 661 1182 3231 3238 5287 171 3244 7868 5311 9408 8387 8389 1736 2763 6348 720 1752 6365 9950 8422 3824 3825 1267 6392 2304 4355 3332 2314 5904 2327 9179 5941 2954 8529 4948 341 2907 6763 1391 1905 6518 3965 6527 900 8586 2955 398 7567 3990 1949 7071 8613 5039 9652 4021 7608 2496 8645 7125 6107 5607 9711 7667 1020
52 9730 8710 524 6157 9742 1043 5550 3096 1563 5661 4700 7214 2229 1601 5186 2118 7241 5209 7772 3805 8123 5236 5237 4219 4737 2033 3216 2072 659 6295 8347 3236 9895 2218 3764 4277 3255 3263 8909 7889 3797 4312 2781 7906 6156 245 3318 252 9991 6933 6423 1828 4905 9437 1329 5432 2367 2374 4430 8530 9046 2402 8554 7024 4468 374 8059 8060 4483 9609 8343 9625 1433 6044 8518 1009 8110 434 4027 9148 8129 9666 5571 455 1481 5592 4576 5095 9704 6126 2031 5105 7674 3580
53 2830 515 7182 21 7702 8222 3617 1570 551 6696 3126 4152 1595 2109 9804 269 5712 5714 4110 7260 2458 3481 5732 6253 1646 7791 3699 5754 7813 4972 3735 1179 9885 9891 1704 5803 5297 2738 2419 1723 2749 716 4819 2277 2791 9451 7924 2827 2317 7950 7445 1818 8992 1836 1327 4916 9014 1354 6987 7500 1358 9569 8044 3955 8058 4476 894 9091 9110 8582 2443 912 8597 7574 2967 409 4506 924 1946 7070 2978 9127 7085 436 6581 3512 6077 8640 5587 5594 1506 6631 9193 9706 3565 6136 9723
54 3 6662 7701 7710 3106 35 5163 4446 692 1082 3134 6726 9799 3656 7243 1614 2127 602 2652 2657 100 635 874 6786 6789 8327 9886 2734 8881 1202 1715 7348 5308 7884 2253 5581 1744 5667 7387 9949 224 3299 1765 7399 6890 7408 1782 9987 6615 5901 8462 6940 4383 3872 8481 6435 4912 5942 9015 828 7493 9030 1869 5455 5968 4433 7506 6995 5460 856 2910 3813 2405 9578 2437 907 5016 7067 7581 6043 5542 4011 7601 5048 5049 8122 8642 6084 9443 9674 4557 1495 990 991 2018 8167 4072 6121 3056 6649 8699
55 513 8708 4101 7681 9746 6149 6695 8232 7727 7219 6211 8630 588 4688 6331 3458 2156 4114 7279 634 6269 6275 136 5740 2699 4238 6765 6800 9361 8853 7830 1690 156 2226 4882 4283 5821 1727 7362 2758 6344 7370 9941 9430 8408 3802 3804 249 3327 8973 274 5907 3863 805 7975 2352 9012 2357 2874 5125 8515 8524 2898 1877 343 5471 4965 3432 6513 8062 8066 1417 9613 401 5013 9111 5018 1435 1436 425 430 5046 7617 7106 1476 9163 5075 470 6629 488 1001 5624 8447 6142
56 1547 4111 4113 4115 9239 537 1056 1574 3629 4143 7218 1588 5179 1604 7754 9803 5214 3429 2658 4200 6249 616 9747 5737 5262 4376 4462 2200 3742 5804 6322 186 3774 7360 5826 1219 7365 8908 6352 209 7118 6359 7973 3810 9445 8938 3826 6917 3342 3343 8984 9503 2438 9515 4911 3893 1340 2373 2190 8549 9576 5998 2929 2418 6520 9082 4998 5511 6027 908 916 4590 1952 7410 4526 8632 959 6082 4549 3020 974 9168 8659 9187 9192 1003 7150 7675 4605 5630 5973
57 9219 4524 5644 531 1559 9647 30 3621 8234 9773 9263 4148 5175 6719 2624 5697 9228 8783 8278 2100 612 2152 5226 2159 2672 1662 6281 657 8854 3223 2715 161 1713 9908 7872 193 8388 1733 5036 9441 9955 1255 5867 3469 6912 3842 1291 3855 8472 9502 2340 808 9513 302 7645 7473 8498 4403 5430 9353 5172 323 5958 6990 3919 2384 5466 5987 5993 2922 884 7031 2427 6013 4993 397 6546 6035 8605 9630 7835 7589 1959 5546 8108 4515 1967 9650 2997 8777 1443 6051 5087 489 3571 6134 1016 7676
58 6144 2051 3607 4124 9258 2103 570 5180 7237 6727 9805 5198 8273 5203 84 9816 8807 9831 7277 2158 9329 4288 1159 4747 2700 1645 1169 3738 1188 9384 682 5405 4276 1205 184 2746 702 8896 9922 201 202 6866 6368 8930 9444 229 8934 1768 4847 6896 261 1798 5420 3862 794 9501 5408 9094 4231 7468 833 9538 2886 3405 342 3416 9053 862 3428 1384 7529 3434 9618 2415 371 4470 890 2940 5741 385 5507 902 8079 5522 5523 583 2990 2481 7098 6078 6591 7112 5065 2001 7123 8660 2007 8664 3554 3046 3049 4776 8787 1529 2556 6143
59 5633 5291 7169 2068 6830 22 8281 8728 9242 4636 8739 7212 7602 2099 5686 1086 4672 6210 6723 7252 4185 101 2150 4716 1655 121 7290 3212 656 5782 7319 6820 7851 8877 7342 8883 4300 1244 9951 7406 3313 6898 6398 2816 8962 5897 1806 4370 6931 6936 2336 4395 9524 6454 832 3912 1866 8012 1361 339 8021 1366 3427 1389 7542 4481 9090 6537 3650 3986 6547 1439 6061 8626 2488 445 8135 9680 9180 989 5603 8680 1517 8688 3577 9722 3067
60 3079 9736 3092 4014 2587 6686 4127 1068 6196 8245 2104 8763 6207 1093 4678 71 2121 6218 2124 2126 2640 83 1622 1127 5227 5480 9330 8834 7815 5256 9359 9755 1222 4263 4780 1906 1215 2753 5318 1749 9942 738 7396 3310 9967 4852 5882 5393 5923 4389 1841 9268 5088 9028 9032 9612 5450 4448 2920 7021 3442 8053 3960 2430 8579 9092 4489 7051 9100 1432 750 8088 8092 3999 3490 8262 2986 8109 942 8112 438 8436 7630 4561 9682 3034 762 4064 8685 8179 4598 5370 4978
61 514 6659 519 3593 2575 3602 4121 5156 8742 9770 555 7724 2607 6195 4664 579 8261 1612 2645 2650 6237 2661 6247 6768 8817 2165 3197 6270 3208 6824 662 663 5272 665 2717 4766 5744 2724 5288 4265 170 4274 3773 6848 9935 9434 3803 3295 550 7398 9970 9978 5373 780 6938 6362 8993 7460 1414 8491 3374 8840 4920 8514 4933 1862 4429 4942 9039 2390 2908 8030 8031 5984 5473 1385 2410 4460 1392 6008 9089 6534 2445 8095 1444 9126 5032 5555 9654 7615 8138 5586 1496 4346 6618 9692 3322 484 3564 6641 7338
62 1036 5378 8724 9749 6678 4634 5659 7717 1578 3628 7213 1971 4666 1597 8254 7235 6219 5645 3158 1465 90 7264 1641 3183 2292 651 3213 1680 9875 667 3610 4259 3239 6826 8886 9741 7873 6855 1229 5845 5334 2597 2854 7121 7914 3308 9971 1780 7419 3326 4866 9003 1287 8458 4363 3857 7961 4378 2847 8480 6950 1833 1323 827 6974 3392 3910 4425 6478 8015 852 9560 8538 1253 878 2927 9584 5489 1919 7047 6028 6550 922 7151 3486 2981 9139 7095 4537 8267 5573 3576 2516 6223 8669 4063 5094 3562 495 8176 8690 8694 2552 4090 5802
63 3072 5122 8195 516 4614 7257 4954 8237 6191 7738 572 5190 2119 9295 6230 1111 9817 2139 605 5217 3175 5736 9322 8813 3188 4215 9849 122 8316 4221 1667 139 2207 5284 5806 9394 7966 5818 1212 1729 4291 5832 3287 4314 6363 8925 6883 3309 7805 8945 246 9993 9487 2835 4377 4382 7455 4386 3882 3375 844 3925 7000 345 8026 1883 3644 8557 8047 2933 1410 9095 3473 5014 2459 8098 8775 432 4025 5569 4051 2009 2523 6110 481 8674 6120 8681 4594 9208 8185 5114
64 6148 1029 4619 3089 4628 358 32 8225 546 36 3119 2102 9786 6155 5189 4167 8271 9809 6739 9306 1894 7796 8309 3604 125 3712 2691 7817 9874 150 4254 8360 4779 177 9396 5302 3767 5830 722 731 222 5861 6889 3819 7404 5878 8439 8443 768 9283 8452 2179 4374 8068 2851 3878 3879 2344 7982 1839 4917 7990 1161 8504 1849 314 4932 7496 6455 1359 4432 9553 3413 1878 5469 355 5476 1381 7526 3431 7530 6512 7537 2429 388 9606 4491 5007 7570 3475 405 2372 1948 3488 2466 944 3506 5278 219 966 4555 2508 5080 7644 997 7656 9709 1018 6141
65 5121 1538 4107 7682 1049 2590 1571 5669 7718 2087 9257 5165 3630 7225 4157 64 8259 589 592 5201 1116 6750 1644 6769 627 5240 8825 7802 9858 7276 8330 8843 8340 2710 2716 6304 9379 7849 4267 3248 1716 5303 3260 706 9931 4815 3280 2168 1241 1231 7391 2794 237 7920 9969 7411 2296 5372 7425 258 4869 7430 3852 2319 3352 2843 2853 816 3380 2360 7481 2875 3394 9034 4431 7504 2903 1886 1890 4969 4973 367 3967 4480 7041 1928 3466 1429 5526 3482 929 1969 9146 6592 9376 7116 8654 984 5083 5599 9186 7653 8682 3568 1521 507
66 9743 2075 3102 1060 7208 2091 3121 55 7737 4158 1606 9800 5705 7762 1110 1551 8299 7792 9842 3189 8822 6263 8312 1158 8839 141 6807 3741 3449 179 5812 8890 9915 1224 2254 1233 803 8407 9432 7386 6366 6881 3302 8428 2803 2806 3839 6914 3115 4367 9946 4897 3875 7462 4399 5426 3892 6456 8002 5956 6985 2381 8032 4452 3941 361 2930 9589 6009 6543 6036 7061 1945 8097 9286 8616 4169 4539 7100 6079 5056 8647 1483 975 7128 2522 4589 2549 3574 8184 5115 7166
67 5636 5126 4103 5128 4106 542 2085 2086 6321 54 9272 3652 3661 9302 8794 6748 5221 2664 1653 4214 5245 9854 8832 4228 8325 7821 1681 1173 8858 4253 6821 2731 9389 6833 9906 5811 5813 7355 5820 3778 197 4294 717 5841 6869 733 5857 2616 4845 2287 7806 8956 9485 3854 278 791 7450 1312 3877 9512 810 7980 813 9523 309 4415 6980 5345 333 4944 1873 5458 8020 6485 7007 5478 4464 6516 4585 895 5506 5025 8611 422 935 437 1466 5053 3532 6100 478 8163 9705 6122 4076 3071
68 3589 9735 2061 8214 4126 9251 560 3336 5687 6722 7181 80 595 96 5729 3259 3684 360 5698 9866 5261 8846 7311 152 162 4261 6834 6839 2235 8893 3266 8902 2509 5331 4309 2266 8923 5864 1790 5376 3844 9478 9480 782 4910 9690 1073 3369 3370 4907 2860 1838 1346 842 851 5978 6503 5314 5996 9582 888 3454 8583 394 3906 7569 7578 1520 8619 9133 2480 4029 9667 8386 1482 1995 8141 5076 8154 4571 7135 5093 2535 5615 5104 7666 7763 2550 2553 3066 8700 2558 4095
69 5635 3077 6 6668 1039 2082 3107 569 8251 2643 2133 2134 87 7770 7778 4197 102 941 1131 114 4211 9332 105 4729 7807 9345 4740 3205 9354 1165 9870 7318 5273 5795 166 6827 5734 689 8885 4553 2263 4525 221 4838 3816 6380 7782 4336 4339 7413 8440 1787 1793 1284 9517 3365 4397 477 7991 9020 906 3909 3383 3916 6286 5467 861 2400 2915 9587 1402 4999 7049 1930 3476 752 9640 8617 1451 2988 6573 6578 4532 5045 3000 1979 8126 3317 1479 6601 7633 3698 982 986 6109 6310 3048 7160 510
70 8705 6152 5650 8622 8215 538 6693 4646 5164 559 2096 7217 8758 5688 3646 1103 9827 8292 3177 8298 1647 6772 5225 3708 1664 4739 6794 1168 1686 5277 9374 5282 9897 4266 7341 8380 2249 3275 206 6357 5338 5341 4320 3963 6909 4857 9469 3328 2309 9992 4372 1302 7452 7898 2608 2345 1330 1844 4408 3391 8001 8008 5964 336 3430 2413 7230 6975 6012 1922 4758 3979 9631 9634 6563 8614 6569 8620 5038 3505 5044 5561 446 5060 2002 8147 4583 9198 3055 502
71 7692 4621 5134 4112 9235 2581 3098 7200 2601 45 3634 9267 7745 72 7753 624 8820 3701 1654 2689 3715 8837 4748 5774 3727 2196 8346 5787 7328 8865 8866 5286 6320 8379 7356 3277 9424 9937 3285 216 4313 732 4830 8933 4326 1771 1777 1272 267 4365 7443 3865 8070 1835 1326 7992 4923 9535 9185 6993 3923 3929 1372 9568 9019 2962 6002 2937 378 1404 6529 1926 1422 1426 411 7076 5541 423 9648 9649 2484 1463 5560 1468 9662 1471 7616 3014 8651 3320 1956 8156 8161 7652 9714 5622 3063 8187 1023
72 6145 3592 8713 1548 525 174 1558 27 543 4642 9259 5676 8764 4160 2626 69 4620 587 4689 2642 7771 3169 8301 2166 1144 5241 9341 5759 130 4741 2694 3207 138 1677 5263 7834 3230 3232 2725 7335 1198 3759 1201 5300 4789 1718 9911 2234 9936 7378 7385 220 5869 7921 2293 8442 2308 2829 6934 3876 9013 822 1336 4918 846 3926 5977 6496 7524 8555 1902 5999 882 4467 3446 3966 7042 2952 8367 9106 8601 6045 5535 7594 8117 950 6587 6598 4048 6622 3153 1519 2544 505
73 4608 3078 5548 2571 3088 7709 6178 4643 5157 3625 6700 8114 5680 1590 9271 6239 577 1094 9807 9808 2130 607 1129 1652 5751 9869 9358 8851 4247 1181 1696 2209 7850 4270 8369 7350 6329 8996 707 2167 729 5852 1247 8928 8936 8937 1774 7919 6385 242 7414 3831 4865 5892 7947 3453 5918 9691 6948 5928 4908 7989 1851 830 838 6474 2899 8534 8023 7521 9575 8679 3950 8051 9085 2943 1412 2966 2625 1421 2964 6038 5531 3497 8107 6060 7922 7598 1458 5557 9161 7124 3544 9177 3547 5601 487 7152 9202 3064 2044 4094 6655
74 3073 7175 1549 2062 5648 23 4635 9247 1712 1577 6663 7223 1083 6225 1618 3157 5234 129 2696 1674 5259 5264 2711 3268 2718 9888 2224 4284 1213 195 196 9431 6360 7394 1763 3300 8423 5866 4332 7416 8954 764 7876 773 1800 8970 9997 7439 8976 4371 1816 8985 8986 7454 5421 817 818 5939 1848 1852 2885 2615 6481 7508 6997 5462 7519 8544 866 7013 2408 9586 7668 5519 4498 6549 7833 6041 3997 8094 4528 9715 5047 6132 1467 8124 8637 4038 6604 6606 6097 4056 5593 4570 8671 5983 2020 5606 6643 500 3579 853
75 6656 1026 9229 8208 9233 7191 8220 5668 8230 5678 2621 8766 9794 68 9802 4712 107 620 8296 9845 8826 636 7294 2178 131 654 9360 5778 670 3240 1705 3252 6326 2232 9590 6007 9338 8926 9440 9953 379 2281 2284 1776 4347 2322 6419 3350 3866 8994 7971 8999 809 8071 5938 819 825 9018 5438 3393 4930 6469 5446 6472 6476 8525 2382 4493 7505 2904 3931 1338 5982 7528 3951 9585 6517 1910 8567 6011 384 6977 1932 5005 6559 9120 1954 2983 956 3521 965 7111 4049 7122 3542 4073 1005 4601
76 7688 9737 6164 7197 2079 9249 7716 6698 6189 3125 7224 9281 66 4684 2135 8795 7777 1128 9836 6254 6760 5748 3702 8315 8323 3204 4230 9871 5784 5786 9887 4774 7499 7852 6173 693 6841 701 3781 3274 5328 9426 8228 6874 5840 9959 4844 6381 8955 1066 2305 9477 4359 4360 2825 270 1300 279 3868 4387 4388 9025 2882 8516 843 9054 1377 5482 7539 9076 4982 7548 1407 2439 2442 7564 5011 7064 3908 923 4514 7587 1457 3507 5556 3001 4538 9663 1474 1987 1478 8140 469 471 2021 7655 1513 7156 4600 7163 509
77 4109 4632 9253 9052 9266 3636 4151 8761 7227 2111 9290 9806 1621 1627 9821 1630 9316 6783 9347 4229 2703 7312 146 1687 5785 3227 6302 1695 1697 6307 4778 5321 7353 9415 3785 1739 8913 210 4827 1756 7903 8418 747 1784 763 8964 6415 6929 1810 1817 9506 2852 9509 5927 4394 4396 6966 3384 9531 3389 9024 4418 3907 325 840 2274 3409 4435 2617 5464 7513 2394 6287 3420 7650 1912 4473 1406 3976 8589 3983 9621 7579 926 7323 7081 5559 7102 5567 9181 4066 8677 6123 1875 7670 2551
78 3081 3090 19 5140 535 6168 9241 9756 2591 9763 8741 1069 9262 6192 2483 4154 63 2115 3660 7757 5202 3156 8277 7255 1625 3680 6754 6758 4201 4715 4206 7187 3706 3196 5248 641 6277 7820 7828 5269 4380 1194 2222 2735 8819 2744 2238 5313 2768 7379 724 4822 1762 2787 8427 5871 9458 243 9940 8446 259 9989 1799 3848 4875 9489 7447 3864 6428 6437 811 9518 6450 6968 6978 7563 326 6387 2894 6999 3421 4963 5991 3947 1901 3439 2421 8574 3974 7050 395 4531 7572 6561 7075 3314 6579 7092 961 7109 1992 2506 6098 979 4052 5590 2520 7646 4067 7337
79 1030 7178 3084 6672 7110 5145 1054 2592 2595 552 3632 4657 7220 5182 4679 5704 6217 7180 8527 2644 2916 1119 2660 6246 8815 1651 3191 9862 9864 1162 6795 3220 3736 9892 2502 4791 1721 7354 6332 189 8895 3616 4803 8907 2258 7380 7381 9954 5355 6897 3829 1270 5888 4873 4878 8467 9494 2840 2346 5933 7955 6463 839 4424 3407 2395 9055 5985 4964 4456 9579 5488 8065 9963 7048 6539 7054 2447 7568 3985 403 4502 6552 2977 1955 4004 937 938 4527 6067 2999 2493 4545 8131 9670 7628 7117 8868 6619 9701 9702 1006 6131 9206 5112
80 9 4624 1045 3099 1052 8735 1059 4146 6197 6198 567 9784 1594 2117 3654 76 4183 9307 4701 4702 5216 4193 8805 3692 6262 6776 2171 1386 2837 8322 2183 3721 7818 6798 2193 668 8864 540 1714 2497 4297 6861 8398 3792 1234 8416 6384 2801 4338 4343 8469 7960 285 8990 1311 5397 5417 8492 3889 7475 308 6453 6465 9539 9031 841 9550 4946 5976 860 1374 4458 3437 6511 5492 2423 2426 5500 6014 383 905 5443 8596 9119 7584 3492 8102 8946 3504 4533 2486 3515 2976 3522 3527 2521 475 494 6127 7162
81 7680 9217 9221 7 1556 2596 6182 1586 3639 2129 9813 1120 8810 9840 6259 2164 8212 6781 7295 4226 4742 2695 1815 4751 4244 5271 9882 2215 7346 6838 7363 6354 4217 5336 4828 2783 4833 5347 3303 1508 1778 9472 1282 3282 7433 3338 9495 6426 6943 4384 7466 9526 5431 7491 4427 8025 1679 349 3425 1383 5994 4466 8571 9098 7575 4503 9112 3994 7066 1438 927 2465 6055 4008 7087 3508 4543 3546 7643 3555 8676 5614 3569 7154 1524 8182
82 3587 7690 4623 530 4629 9240 2076 3101 4639 6688 5153 9254 6701 8751 8240 9778 2613 1089 7234 9796 6725 5706 7248 4692 3671 9304 3170 99 7270 8305 6261 1145 1660 6336 135 1160 4750 4240 9876 4248 3225 2206 8364 690 4285 7359 1728 9923 3786 1760 1251 6378 1259 2799 1269 250 1276 771 6916 1803 4886 8479 7456 48 6970 1859 8519 909 858 4443 6494 5472 4465 7547 1916 3981 5010 2713 925 7749 1961 4012 8093 7088 3510 2489 8128 452 3529 4554 973 1493 9694 2542 6057
83 4097 2569 5131 2063 6172 6174 9764 1064 6702 8249 58 2108 6717 6206 3653 3659 6233 5210 8799 6240 9574 6268 128 8321 9346 8329 4237 144 6292 2414 151 8356 2217 1199 3249 9910 9399 9927 3787 4301 8910 4817 9429 6876 1766 581 7912 1490 5364 5877 9464 7938 3331 7434 9484 5389 8750 5400 290 4392 2861 4404 2185 2876 6982 9556 8533 9561 2911 8848 870 2926 7028 9596 1924 6029 6542 5009 7059 7062 2975 8608 8099 955 6076 4541 4050 6625 1512 2538 8687 5620 3412 5118
84 8706 6059 1196 3597 5646 539 427 6181 3111 8236 5679 8241 2101 6665 8253 7240 2636 9811 5204 9822 4192 1124 9834 5394 1137 630 8824 5777 6817 7844 7340 8880 694 3779 3782 713 2765 6864 6356 5335 5412 5850 7900 4647 4342 4859 4864 9482 7949 783 2833 6418 4884 4892 5924 1317 9001 7984 3387 5952 3400 4937 7498 849 8018 4436 3418 6498 2404 6502 6509 1390 9594 891 8576 6022 4490 4190 1938 1430 1008 8618 3499 2991 8628 4542 6594 8148 2517 6614 3031 473 8666 3559 3050 2386 2032 4593 498 5109 9044 1530 5628 1962
85 1 2069 2071 5154 5672 3932 6699 8756 8248 61 6718 5699 6213 4168 1101 1720 2655 2151 3178 5232 8314 6272 4234 1676 5776 4753 1684 664 6298 9889 5794 4260 1707 7857 9907 9398 5304 698 8383 6341 5320 1484 719 9939 6358 1242 6351 5856 4327 1754 2290 7934 2822 8972 2326 1306 1820 6941 1315 3885 9006 3888 4914 311 315 4924 2366 3903 4941 5969 4444 1373 4451 3948 3445 1855 2945 6050 2468 7078 6066 9142 450 3016 9164 7632 7636 8540 7132 5713 2029 9712 254
86 2052 16 532 4633 4129 8738 4644 40 9282 3254 2639 1620 3162 5726 6751 8368 9318 103 9335 3704 3193 3710 6787 7812 645 5773 2192 7826 4757 2712 5274 669 9378 6308 169 8362 9391 9392 2737 5814 7869 2761 4813 7375 1657 1240 217 4315 6878 7392 7393 5865 1260 7407 9456 9342 9982 7935 7943 5899 3345 2834 1753 6427 8995 807 6676 3294 313 5950 2879 834 6468 3403 1868 4955 9566 2533 6499 8046 5493 893 6528 9602 6030 3472 920 239 7083 431 4018 2998 954 9659 3518 6595 1991 7626 463 8150 7640 8165 2026 8180 9726
87 2056 523 3596 528 8209 1568 1884 5169 5683 53 9783 7742 3658 1122 8280 4191 98 6243 1041 9833 5229 7284 4725 4727 632 8827 1154 8556 7148 9872 8643 4763 1180 7327 6305 6306 6316 194 9414 5330 3796 8918 2775 3290 3296 5873 9465 3834 3841 5380 3849 6411 8460 4880 5915 2334 1313 4909 317 1342 6464 328 6473 1874 6483 8028 3424 3942 7020 1908 9022 9593 3962 5513 2455 1434 9116 8096 3502 2995 9143 1183 5564 2498 963 970 5579 4044 7330 3027 3540 7639 3042 492 2545 4082 8698
88 520 9230 7258 5663 33 7210 2605 5170 6707 5685 5191 5900 1626 1628 4720 5747 9336 4031 638 6784 4745 4746 6283 6815 1699 3748 9386 7859 2228 3771 4797 2242 7627 1226 8055 6350 1746 2000 1773 9454 4989 6395 4861 263 4364 1293 7441 5906 5395 806 3367 8497 1843 9527 4411 5439 322 9540 8005 2891 4441 7520 8547 6729 362 5491 9591 4984 9597 9599 7559 2959 9107 7573 5527 4509 7582 2979 420 7591 2985 4522 8623 9136 2994 7604 4535 447 2507 1997 6608 7635 6620 7139 9707 4349
89 9732 1031 8205 7188 6681 1562 4134 9768 8243 9278 5700 8264 4682 8781 3664 3154 2141 2142 5218 4707 7268 2668 1136 2674 2169 4218 1659 8318 9350 4236 7825 6805 3734 8349 8350 7331 6087 8884 6842 2239 6338 8397 1742 5842 1243 7389 5855 1769 8944 9457 4856 2811 6879 6417 3346 2331 1832 7978 9004 2862 2868 5428 3899 2369 3553 3918 6991 848 9042 3414 6487 4957 7523 8548 9066 365 6001 8054 8056 7039 2434 4991 3460 8513 6558 933 6570 5549 584 449 967 5578 3534 978 6108 5089 6626 9713 6644 9207
90 6669 9744 3091 5144 4123 7711 7206 4135 3118 5178 5694 1889 7245 2132 3673 2653 7786 1643 5228 8814 7285 119 7293 9493 8341 646 4752 6291 5486 153 4762 5788 7333 4262 6823 6325 7862 7351 3768 4795 4802 6851 7878 8904 9417 5410 2261 218 7390 9960 7719 4850 5875 7415 5371 6400 5381 6406 779 268 9998 8979 7726 1309 2850 9507 292 1831 1834 2859 1335 8505 2364 5449 1355 9551 1360 4947 2905 7002 3937 366 7025 6003 381 4501 1418 9109 1947 8621 948 1975 6073 1981 3528 3021 9170 9172 9175 9188 5605 491 4089 1535 3583
91 3584 1032 5129 2058 8207 3600 9758 4131 6577 9273 2106 2112 7751 2120 3147 9303 5135 3678 613 8295 113 2675 9844 9847 5246 3713 5250 7301 1164 3214 7823 5265 1175 9377 4775 3757 5808 7860 4282 3265 1732 7799 8914 6873 3291 1248 1250 7909 2280 5357 7918 240 1273 2303 1281 1283 264 1807 2777 796 6956 2863 6961 4410 6467 1357 2385 1362 4951 5485 4974 3952 881 9592 7033 6524 8575 5003 9614 4496 6056 4015 4017 5554 1977 4540 3011 5064 8137 6603 953 761 4060 8675 1703
92 5632 8193 8194 4611 4182 8716 6658 4627 536 5150 4645 9774 265 5184 7236 6226 598 3161 9818 609 5733 6248 6766 7282 9918 4726 124 2687 4225 2411 9348 6792 7306 4245 4805 2223 2230 4793 3770 2237 4798 704 4293 4807 1228 37 5858 9447 6892 2286 7927 256 5894 2313 9483 8463 4888 8484 1318 5929 7469 4402 1331 6976 3905 8517 4437 9558 3419 4445 8035 6507 8050 3959 4985 4990 2947 9608 2957 6637 8598 919 417 947 2485 4767 5054 9157 7624 9678 4068 7149 8686 8692 7161 2042 2557
93 3585 7179 2572 5720 8216 2586 2588 9255 1580 1070 9775 6194 6714 3143 6221 7768 1633 5730 7783 6759 8306 2680 3198 9344 5769 8842 142 6806 9880 1403 4765 1184 9072 172 9902 4272 3765 1206 5315 3780 9413 725 7895 9433 2780 2786 8419 1575 4233 758 3319 9466 251 765 9983 2819 3846 4874 2315 3347 1301 790 3801 2328 5407 1319 6706 1334 6793 3902 5951 5517 9559 7517 868 2416 6522 6523 8578 899 1933 9103 918 2974 3487 9639 7080 5033 6572 952 2490 4040 5068 5588 9183 7136 3043 2543 4595
94 2565 5641 5133 6671 1040 8213 5656 7199 1058 8227 6616 8247 1592 5693 3141 3142 1105 594 9301 86 15 5724 4703 4706 9337 6782 3711 8335 5268 8342 8644 5276 3746 1192 3756 4782 7344 4275 5817 8891 7874 7364 6853 5333 9944 7388 4318 4858 9979 7421 3337 8465 1812 277 5911 7964 3886 303 2354 3904 6475 3408 4434 2388 3928 655 3422 7527 4971 3456 386 7044 1934 1936 5521 1944 9118 1440 9125 8105 3498 5547 8116 3513 4548 1485 7637 2006 9688 8153 1499 7648 6114 6115 6630 9194 5612 2473
95 9224 1034 855 7694 2064 9236 7196 4638 2594 3622 5162 9261 8239 564 6713 3645 9790 5208 2138 3675 7275 7788 1650 4216 6420 132 9349 6790 2697 2186 2188 3725 4759 2201 3740 9375 5792 8355 9390 6832 4794 2762 5316 5322 7883 5324 3279 8412 5343 7907 5353 7412 9086 2808 1288 8969 1811 276 3353 1071 4902 5934 9007 8927 3398 3913 2383 3921 7308 5177 6489 9542 2919 4669 2942 7554 4996 7045 5510 8074 3468 8173 1424 915 8091 413 4510 9633 5029 3485 2482 1470 9152 5067 9165 5074 2008 4062 1507 486 5608 6633 4588 7661 5108 8703
96 4613 2567 2057 9739 8718 2576 6673 3603 20 1047 6687 6691 8744 8747 5166 7729 1074 2107 8770 8715 1607 74 1107 2143 6753 9315 8297 1879 117 3190 1148 643 5771 5267 1172 7321 4770 678 6312 3241 8876 3246 9903 2760 8371 5815 7865 9405 1726 5312 198 9416 2252 2766 6870 8424 1258 4335 3312 2301 7942 3340 6334 2845 1822 5919 5922 49 7730 815 7487 5442 2377 4939 7501 6480 6482 9043 9047 1888 1893 9069 8573 7052 4494 3984 8084 1264 1442 1448 9653 6585 1477 9673 462 4559 1488 8658 3032 1498 3039 3053 2728 9203 6139
97 3870 4099 3076 13 5655 2585 8219 29 545 4141 6193 9276 7232 3138 582 6730 591 5716 8790 5719 93 6756 3174 7785 109 7794 9150 8313 4885 8043 5768 7309 660 9369 7195 9894 168 2219 7349 3769 7867 2748 3269 6859 9933 7885 8401 5863 2792 3306 2283 4846 9460 8950 3324 5931 4877 3861 7958 286 3361 8483 3371 300 6957 6459 7996 1345 5448 1870 9049 5979 1376 363 3957 7553 8587 7055 8592 5015 8603 4520 1982 4547 6596 5585 3538 9684 983 472 3035 9698 6634 3566 2037 5113
98 1027 4102 9223 7696 9754 2589 7713 5158 9767 3626 3591 1076 1596 9798 3145 4170 3663 7764 1637 2666 4208 6257 120 1149 2175 2692 9351 9867 4239 2203 3229 159 2739 8373 1724 5822 9921 7366 3271 7543 723 5339 2268 2271 9956 8935 1256 2796 3311 3315 7931 1277 8235 9476 8454 1294 8978 6932 6937 2844 4894 9510 7464 6953 304 3377 9035 337 9555 4950 7003 8541 9061 2928 1907 3447 889 7043 7056 9628 7586 9635 7082 1395 9132 8111 7606 7839 5052 4036 7621 2504 4058 2013 5598 2529 7658 2034 2039 8697 2555
99 2050 2054 2568 1037 4440 6680 5146 1567 39 4138 2311 1585 2105 60 6205 3135 6212 9285 8034 6222 3668 1113 1115 7010 1125 2662 1639 4717 5238 7296 1368 3722 2194 7316 8344 9883 7325 6303 8867 1193 3772 9422 8420 7911 3822 5360 755 7926 8444 9984 6918 8967 9490 6935 2339 299 6447 4407 1337 5946 3551 4414 8522 3404 5457 3411 4952 2393 1885 7522 1897 2923 5487 368 376 9084 7556 901 393 1935 5008 1940 3567 5022 6560 7077 7097 3523 1998 8143 3537 466 4568 4575 3040 4065 4582 9199
